A = 9.346748707207343  # 主周期正弦振幅
phi = -2.014620838408435  # 主周期正弦相位
mu = 24.642707600806094  # 温度均值
A2 = 2.929726095175992  # 次周期正弦振幅
phi2 = 1.6598718515490472  # 次周期正弦相位
k = -0.08652907862572273  # 线性趋势系数
